,City,Cloudiness,Country,Date,Humidity,Lat,Lng,Max Temp
0,Podgornoye,92,RU,1540842796,90,57.79,82.64,273.964
1,Ushuaia,40,AR,1540839600,43,-54.81,-68.31,285.15
2,Atuona,8,PF,1540842756,100,-9.8,-139.03,299.864
3,Chokurdakh,80,RU,1540842753,87,70.62,147.9,268.864
4,Adrar,0,DZ,1540839600,22,27.87,-0.29,292.15
5,Bilibino,80,RU,1540842797,84,68.06,166.44,253.389
6,Bredasdorp,0,ZA,1540839600,49,-34.53,20.04,294.15
7,Hithadhoo,92,MV,1540842729,100,-0.6,73.08,298.889
8,Mataura,92,NZ,1540842724,95,-46.19,168.86,280.464
9,Leningradskiy,0,RU,1540842734,100,69.38,178.42,262.614
10,Rikitea,92,PF,1540842727,100,-23.12,-134.97,293.114
11,Saint-Philippe,90,CA,1540841460,87,45.36,-73.48,280.15
12,Salalah,0,OM,1540839000,65,17.01,54.1,299.15
13,Hilo,90,US,1540841280,93,19.71,-155.08,297.05
14,Nova Olimpia,12,BR,1540842800,92,-14.8,-57.29,300.914
15,Qaanaaq,8,GL,1540842741,100,77.48,-69.36,254.014
16,Nanortalik,0,GL,1540842801,99,60.14,-45.24,273.239
17,Strezhevoy,40,RU,1540839600,100,60.73,77.6,272.15
18,Harper,40,US,1540840500,58,30.3,-99.24,298.15
19,Bethel,90,US,1540841760,100,60.79,-161.76,273.75
20,Portland,75,US,1540841280,77,45.52,-122.67,285.95
21,Gao,20,ML,1540842802,27,16.28,-0.04,302.964
22,Hermanus,24,ZA,1540842750,71,-34.42,19.24,290.164
23,Coruche,75,PT,1540841400,81,38.96,-8.53,287.15
24,Port Elizabeth,75,US,1540840740,62,39.31,-74.98,287.55
25,Ahipara,64,NZ,1540842804,100,-35.17,173.16,286.164
26,Hobart,75,AU,1540841400,76,-42.88,147.33,282.15
27,Zwijndrecht,75,BE,1540841100,80,51.22,4.33,278.15
28,Bluff,92,AU,1540842728,88,-23.58,149.07,295.114
29,Caravelas,92,BR,1540842806,100,-17.73,-39.27,296.964
30,Telma,0,RU,1540839600,86,52.7,103.72,276.15
31,Busselton,12,AU,1540842737,100,-33.64,115.35,286.239
32,Nioro,8,GM,1540842807,60,13.79,-15.05,301.039
33,Meulaboh,56,ID,1540842761,100,4.14,96.13,299.289
34,Thompson,75,CA,1540839600,86,55.74,-97.86,272.15
35,Albany,75,US,1540839960,68,42.65,-73.75,283.15
36,Ulladulla,0,AU,1540839600,100,-35.36,150.48,283.15
37,Varnamo,90,SE,1540840800,93,57.19,14.04,276.15
38,Fare,56,PF,1540842809,100,-16.7,-151.02,299.739
39,Nikolskoye,0,RU,1540839600,79,59.7,30.79,271.15
40,Carnarvon,0,ZA,1540842720,22,-30.97,22.13,296.089
41,Kroya,8,ID,1540842810,99,-6.5,108.06,293.964
42,East London,24,ZA,1540842763,97,-33.02,27.91,293.539
43,Ahuimanu,40,US,1540839420,81,21.44,-157.84,300.95
44,Bako,20,NG,1540842811,93,9.68,6.4,295.514
45,Tucuman,8,PE,1540842811,56,-17.17,-70.89,292.514
46,Alta Floresta,20,BR,1540839600,52,-9.87,-56.08,306.15
47,Pevek,20,RU,1540842813,100,69.7,170.27,258.164
48,Yellowknife,90,CA,1540839600,86,62.45,-114.38,270.15
49,Oktyabrskiy,75,RU,1540839600,92,55.61,37.97,271.15
50,Richards Bay,56,ZA,1540842722,56,-28.77,32.06,297.789
51,Fukue,40,JP,1540839600,82,35.03,136.69,288.15
52,Jamestown,0,AU,1540842726,80,-33.21,138.6,283.914
53,Namibe,0,AO,1540842815,96,-15.19,12.15,297.614
54,Ingham,92,AU,1540842815,100,-18.65,146.16,298.539
55,La Tebaida,40,CO,1540839600,73,4.45,-75.79,297.15
56,Sao Joao da Barra,75,BR,1540839600,73,-21.64,-41.05,295.15
57,Methoni,20,GR,1540840800,82,36.82,21.7,290.15
58,Georgetown,40,GY,1540839600,70,6.8,-58.16,303.15
59,Barrow,88,AR,1540842765,95,-38.31,-60.23,292.539
60,Aksarka,80,RU,1540842817,81,66.56,67.8,263.864
61,Airai,0,TL,1540842752,77,-8.93,125.41,288.864
62,Lebu,20,ET,1540839600,47,8.96,38.73,286.15
63,Katsuura,44,JP,1540842818,83,33.93,134.5,288.489
64,Butaritari,64,KI,1540842733,99,3.07,172.79,302.964
65,Kibakwe,12,TZ,1540842818,89,-6.71,36.37,291.114
66,Avarua,90,CK,1540839600,83,-21.21,-159.78,297.15
67,Margate,75,AU,1540841400,76,-43.03,147.26,282.15
68,Saint-Augustin,75,FR,1540841400,93,44.83,-0.61,279.15
69,Punta Arenas,0,CL,1540839600,28,-53.16,-70.91,286.15
70,Pacific Grove,1,US,1540841700,42,36.62,-121.92,292.15
71,Palana,92,RU,1540842821,99,59.08,159.95,275.389
72,Kaniama,24,CD,1540842821,83,-7.57,24.18,295.839
73,Beni,36,CD,1540842823,96,0.49,29.47,291.739
74,Vaini,0,IN,1540842725,52,15.34,74.49,292.264
75,Tezu,0,IN,1540842823,70,27.93,96.16,286.589
76,Sapuyes,75,CO,1540839600,63,1.03,-77.62,294.15
77,Paamiut,0,GL,1540842824,100,61.99,-49.67,272.839
78,Grand-Santi,68,GF,1540842824,72,4.27,-54.38,302.889
79,Charlottetown,75,CA,1540839600,62,46.23,-63.13,287.15
80,The Valley,40,AI,1540839600,58,18.22,-63.06,303.15
81,Pontianak,44,ID,1540842825,100,-0.02,109.34,298.514
82,Lastoursville,24,GA,1540842825,85,-0.81,12.73,298.139
83,Puerto Ayora,0,EC,1540839600,51,-0.74,-90.35,301.15
84,Bonavista,80,CA,1540842617,78,48.65,-53.11,286.289
85,Sur,24,OM,1540842826,100,22.57,59.53,298.739
86,Tuktoyaktuk,75,CA,1540839600,92,69.44,-133.03,267.15
87,Beloha,0,MG,1540842727,82,-25.17,45.06,291.339
88,Zhigansk,88,RU,1540842827,86,66.77,123.37,270.114
89,Torbay,90,CA,1540840200,93,47.66,-52.73,289.15
90,Ribeira Grande,40,PT,1540841400,72,38.52,-28.7,293.15
91,Ponta do Sol,56,BR,1540842828,85,-20.63,-46.0,294.664
92,Kodiak,1,US,1540839180,28,39.95,-94.76,293.75
93,Frutal,12,BR,1540842828,41,-20.02,-48.93,302.964
94,Sorland,40,NO,1540839000,59,67.67,12.69,276.15
95,Sambava,92,MG,1540842829,100,-14.27,50.17,296.464
96,Dingle,32,PH,1540842829,87,11.0,122.67,297.739
97,Marzuq,0,YE,1540842829,90,14.4,46.47,284.114
98,Klaksvik,88,FO,1540840800,70,62.23,-6.59,280.15
99,Kapaa,75,US,1540839360,81,22.08,-159.32,298.75
100,Pilar,75,AR,1540839600,44,-34.46,-58.91,299.15
101,Saskylakh,92,RU,1540842762,87,71.97,114.09,264.339
102,Port Moresby,20,PG,1540839600,94,-9.47,147.16,297.15
103,Pokhara,0,NP,1540842831,76,28.21,83.99,278.864
104,De Aar,92,ZA,1540842831,15,-30.65,24.01,302.214
105,Coihaique,0,CL,1540839600,32,-45.58,-72.07,292.15
106,Ancud,92,CL,1540842832,93,-41.87,-73.83,286.764
107,Mount Gambier,56,AU,1540842553,86,-37.83,140.78,281.414
108,Touros,0,BR,1540842832,81,-5.2,-35.46,300.014
109,Dikson,80,RU,1540842774,100,73.51,80.55,270.114
110,Faanui,0,PF,1540842753,100,-16.48,-151.75,300.089
111,Meadow Lake,90,CA,1540839600,100,54.13,-108.44,275.15
112,Makakilo City,20,US,1540839420,69,21.35,-158.09,300.95
113,Kushiro,92,JP,1540842835,88,43.11,144.15,275.764
114,Cidreira,12,BR,1540842835,73,-30.17,-50.22,293.039
115,Venice,1,US,1540841700,61,27.1,-82.45,302.05
116,Constitucion,20,MX,1540838760,40,23.99,-104.67,294.15
117,Upernavik,68,GL,1540842740,100,72.79,-56.15,267.089
118,Honningsvag,20,NO,1540839000,70,70.98,25.97,279.15
119,Chuy,0,UY,1540842592,73,-33.69,-53.46,293.264
120,Tete,0,MZ,1540842839,50,-16.16,33.59,297.139
121,Talnakh,64,RU,1540842840,92,69.49,88.39,264.364
122,Camabatela,20,AO,1540842840,93,-8.19,15.37,292.364
123,Mareeba,75,AU,1540841400,83,-16.99,145.42,299.15
124,Esperance,40,TT,1540839600,59,10.24,-61.45,305.15
125,Tiksi,56,RU,1540842841,80,71.64,128.87,260.989
126,Codrington,8,AU,1540842841,97,-28.95,153.24,289.389
127,Arraial do Cabo,75,BR,1540839600,64,-22.97,-42.02,296.15
128,Padang,68,ID,1540842842,100,-0.92,100.36,300.139
129,Puerto Escondido,40,MX,1540838460,70,15.86,-97.07,302.15
130,Mori,0,JP,1540842842,80,34.86,137.94,286.364
131,Dunedin,92,NZ,1540842712,99,-45.87,170.5,279.214
132,Ixtapa,90,MX,1540838640,74,20.71,-105.21,303.15
133,Cachoeira do Sul,8,BR,1540842578,56,-30.05,-52.89,298.589
134,Trat,8,TH,1540842844,100,12.25,102.51,299.214
135,Obidos,75,PT,1540841400,81,39.36,-9.16,285.15
136,Erzin,0,TR,1540840800,66,36.95,36.2,287.15
137,Castro,92,CL,1540842717,86,-42.48,-73.76,286.839
138,Ardakan,90,IR,1540839600,51,32.31,54.02,288.15
139,Iqaluit,75,CA,1540841580,62,63.75,-68.52,266.15
140,Bathsheba,75,BB,1540839600,70,13.22,-59.52,303.15
141,Medina,0,SA,1540842849,69,24.47,39.61,292.389
142,Blackwater,0,GB,1540840800,80,51.33,-0.78,280.15
143,Yamada,75,JP,1540839600,87,36.58,137.08,285.15
144,Mandalgovi,0,MN,1540842850,73,45.76,106.27,266.864
145,Provideniya,92,RU,1540842729,100,64.42,-173.23,274.714
146,Xinzhou,0,CN,1540842574,81,38.41,112.73,271.889
147,Los Llanos de Aridane,75,ES,1540841400,68,28.66,-17.92,292.15
148,Aquiraz,40,BR,1540839600,70,-3.9,-38.39,302.15
149,San Matias,75,HN,1540839600,50,13.97,-86.63,298.15
150,Tura,20,IN,1540842852,97,25.52,90.21,292.414
151,Hasaki,20,JP,1540839600,93,35.73,140.83,284.15
152,Northam,0,GB,1540840800,93,51.04,-4.21,276.15
153,Vitim,88,RU,1540842853,88,59.44,112.57,271.389
154,Doha,0,QA,1540839600,61,25.29,51.53,299.15
155,Clyde River,40,CA,1540839600,71,70.47,-68.59,258.15
156,Balkanabat,20,TM,1540842853,82,39.51,54.36,275.514
157,Port Alfred,32,ZA,1540842744,88,-33.59,26.89,293.789
158,Cape Town,75,ZA,1540839600,88,-33.93,18.42,290.15
159,Atar,0,MR,1540842854,35,20.52,-13.05,297.489
160,New Norfolk,75,AU,1540841400,76,-42.78,147.06,282.15
161,Bilma,0,NE,1540842855,26,18.69,12.92,295.614
162,Yenagoa,100,NG,1540842855,99,4.92,6.26,297.839
163,Srednekolymsk,92,RU,1540842855,87,67.46,153.71,265.164
164,Alyangula,0,AU,1540842856,100,-13.85,136.42,300.739
165,Siilinjarvi,40,FI,1540840800,92,63.08,27.67,268.15
166,Yazd,90,IR,1540839600,51,31.89,54.36,288.15
167,Bubaque,20,GW,1540839600,62,11.28,-15.83,305.15
168,Ilulissat,75,GL,1540839000,78,69.22,-51.1,265.15
169,Manado,20,ID,1540841400,94,1.49,124.85,296.15
170,Paita,0,PE,1540839600,290,-5.09,-81.11,290.15
171,Ulaanbaatar,0,MN,1540839600,85,47.92,106.92,264.15
172,Healdsburg,1,US,1540841700,37,38.61,-122.87,295.15
173,Kokkola,90,FI,1540840800,92,63.84,23.13,267.15
174,Sinjar,0,SY,1540842858,72,35.59,37.0,279.989
175,Katherine,0,AU,1540841400,65,-14.47,132.26,298.15
176,Port Lincoln,0,AU,1540842859,100,-34.72,135.86,285.414
177,Poum,20,MK,1540841400,81,41.28,20.71,284.15
178,Guerrero Negro,32,MX,1540842778,51,27.97,-114.04,300.239
179,San Joaquin,32,PH,1540842860,87,10.59,122.14,297.739
180,Parabel,92,RU,1540842860,94,58.71,81.5,273.039
181,Kruisfontein,68,ZA,1540842781,80,-34.0,24.73,292.239
182,Lavrentiya,68,RU,1540842723,100,65.58,-170.99,274.914
183,Nishihara,1,JP,1540839600,80,35.74,139.53,288.15
184,Narsaq,20,GL,1540839000,53,60.91,-46.05,268.15
185,Nguruka,92,TZ,1540842862,68,-5.11,31.04,297.164
186,Fort Madison,1,US,1540841700,39,40.63,-91.32,292.15
187,Andros,12,GR,1540840800,82,37.83,24.93,291.15
188,The Pas,90,CA,1540839600,100,53.82,-101.24,274.15
189,Daru,92,SL,1540842863,100,7.99,-10.85,294.914
190,Saint George,20,GR,1540839000,88,39.45,22.34,290.15
191,Maltahohe,0,NA,1540842864,43,-24.83,16.98,293.089
192,Balgazyn,8,RU,1540842864,67,51.0,95.2,261.839
193,Sabha,64,LY,1540842865,67,27.03,14.43,294.364
194,Quatre Cocos,40,MU,1540839600,88,-20.21,57.76,296.15
195,Bambous Virieux,40,MU,1540839600,88,-20.34,57.76,296.15
196,Beyneu,8,KZ,1540842866,78,45.32,55.19,273.714
197,Butembo,76,CD,1540842866,99,0.12,29.29,289.989
198,Umm Kaddadah,0,SD,1540842867,24,13.6,26.69,295.264
199,Punta Alta,0,AR,1540839600,35,-27.46,-55.82,303.15
200,Norman Wells,90,CA,1540839600,92,65.28,-126.83,268.15
201,Severo-Kurilsk,76,RU,1540842739,100,50.68,156.12,275.239
202,Mahebourg,40,MU,1540839600,88,-20.41,57.7,296.15
203,Muros,75,ES,1540841400,93,42.77,-9.06,280.15
204,Chernyshevskiy,36,RU,1540842868,86,63.01,112.47,273.839
205,Kralendijk,20,BQ,1540839300,66,12.15,-68.27,303.15
206,Petawawa,90,CA,1540842240,86,45.89,-77.27,276.15
207,Lianzhou,0,CN,1540842869,69,24.79,112.38,285.389
208,Hyeres,92,FR,1540841400,93,43.12,6.14,282.15
209,Kitgum,12,UG,1540842869,88,3.3,32.88,291.339
210,Kahului,40,US,1540841700,73,20.89,-156.47,302.05
211,Aklavik,90,CA,1540839600,92,68.22,-135.01,267.15
212,Toktogul,88,KG,1540842870,76,41.87,72.95,269.964
213,Volkach,75,DE,1540840800,93,49.86,10.23,279.75
214,Iisalmi,40,FI,1540840800,92,63.56,27.19,268.15
215,Khatanga,80,RU,1540842734,90,71.98,102.47,265.289
216,Yumen,76,CN,1540842871,52,40.29,97.04,277.414
217,Kangaatsiaq,80,GL,1540842871,100,68.31,-53.46,270.514
218,Hovd,0,NO,1540840800,58,63.83,10.7,274.15
219,Farmington,1,US,1540839180,28,36.73,-108.21,290.35
220,Mount Isa,0,AU,1540841400,21,-20.73,139.49,302.15
221,Noumea,76,NC,1540841400,88,-22.28,166.46,291.15
222,San Patricio,0,PY,1540842873,71,-26.98,-56.83,300.239
223,Sao Filipe,0,CV,1540842873,98,14.9,-24.5,298.664
224,Vila Velha,40,BR,1540843200,74,-3.71,-38.6,301.15
225,Kanniyakumari,44,IN,1540842694,100,8.08,77.57,301.339
226,Half Moon Bay,1,US,1540842000,67,37.46,-122.43,292.55
227,Whithorn,20,JM,1540839600,66,18.26,-78.04,304.15
228,Samarai,92,PG,1540842874,100,-10.62,150.67,299.164
229,Mehamn,75,NO,1540839000,89,71.03,27.85,279.15
230,Walvis Bay,0,NA,1540839600,77,-22.95,14.51,291.15
231,Iralaya,40,HN,1540839600,70,15.0,-83.23,304.15
232,Gat,0,SN,1540839600,55,14.69,-16.54,305.15
233,Mar del Plata,0,AR,1540842770,45,-46.43,-67.52,288.039
234,San Ramon,40,NI,1540839600,69,12.92,-85.84,297.15
235,Zhicheng,0,CN,1540842879,76,35.04,112.59,278.389
236,Longyearbyen,75,NO,1540839000,74,78.22,15.63,272.15
237,Kholodnyy,0,RU,1540842880,60,62.72,147.95,250.139
238,Dzaoudzi,0,YT,1540839600,69,-12.79,45.27,298.15
239,Acari,0,BR,1540842880,44,-6.44,-36.64,302.464
240,Kasongo-Lunda,12,CD,1540842881,94,-6.48,16.82,295.639
241,Yulara,90,AU,1540839600,78,-25.24,130.99,295.15
242,Yagodnoye,0,RU,1540842882,71,62.52,149.63,254.839
243,Chulman,0,RU,1540842882,59,56.84,124.9,257.164
244,Gobabis,32,NA,1540839600,21,-22.45,18.97,304.15
245,Hailey,75,US,1540838820,37,43.52,-114.32,283.15
246,Talaya,92,RU,1540842884,95,55.79,84.89,274.539
247,Lata,0,IN,1540842885,43,30.78,78.62,280.339
248,Taltal,0,CL,1540842885,69,-25.41,-70.49,293.414
249,Pitimbu,40,BR,1540839600,69,-7.47,-34.81,301.15
250,Fortuna,0,ES,1540841400,37,38.18,-1.13,287.15
251,Batagay-Alyta,0,RU,1540842886,43,67.8,130.41,254.264
252,Cabo San Lucas,40,MX,1540838640,51,22.89,-109.91,304.15
253,Tskaltubo,0,GE,1540841400,66,42.33,42.6,285.15
254,Arkhara,64,RU,1540842887,92,49.42,130.09,268.639
255,Awbari,92,LY,1540842887,83,26.59,12.77,291.414
256,Moindou,12,NC,1540841400,88,-21.69,165.68,291.15
257,Geraldton,90,CA,1540839600,86,49.72,-86.95,276.15
258,Rockport,1,US,1540840500,56,28.02,-97.05,303.15
259,Oranjemund,92,ZA,1540842889,96,-28.55,16.43,290.089
260,Kropotkin,0,RU,1540842890,74,45.43,40.58,278.364
261,Actopan,36,MX,1540842890,76,20.27,-98.94,291.014
262,Vila,40,IT,1540840800,82,45.18,8.4,286.15
263,Luang Prabang,32,LA,1540842892,93,19.89,102.14,292.164
264,Vinh Long,0,VN,1540842892,98,10.25,105.97,298.114
265,Weyburn,64,CA,1540842614,46,49.67,-103.85,284.389
266,Coquimbo,40,CL,1540839600,77,-29.95,-71.34,289.15
267,Longhua,88,CN,1540839600,93,29.21,106.21,290.15
268,Bauchi,64,NG,1540842893,95,10.31,9.85,293.139
269,Mabaruma,48,GY,1540842894,83,8.2,-59.78,301.289
270,San Pedro,92,AR,1540842895,66,-33.68,-59.66,295.364
271,Sitka,0,US,1540842896,34,37.17,-99.65,299.039
272,Kano,0,NG,1540839600,73,11.99,8.53,298.15
273,Aripuana,32,BR,1540842896,81,-9.17,-60.63,302.489
274,Oyon,68,PE,1540842897,84,-10.67,-76.77,283.789
275,Teeli,24,RU,1540842897,62,51.01,90.2,256.839
276,Mezhdurechensk,92,RU,1540842897,86,53.69,88.07,273.539
277,Vad,44,RO,1540842898,90,45.79,25.15,281.114
278,Darnah,48,LY,1540842899,96,32.77,22.64,296.764
279,Khovu-Aksy,64,RU,1540842900,71,51.13,93.72,257.239
280,Varca,0,IN,1540842900,92,15.22,73.92,303.714
281,Sept-Iles,90,CA,1540839600,93,50.2,-66.38,276.15
282,Lagoa,20,PT,1540841400,62,37.14,-8.45,287.15
283,Kaitangata,64,NZ,1540842901,86,-46.28,169.85,281.864
284,Rio Grande,40,BR,1540839600,64,-32.03,-52.1,295.15
285,Jinchang,0,CN,1540842902,64,38.52,102.19,273.289
286,Bone,0,ID,1540842902,96,-5.29,119.42,296.614
287,Erenhot,0,CN,1540842902,68,43.65,111.97,264.714
288,Kathu,92,ZA,1540842903,14,-27.7,23.05,303.339
289,Gra Liyia,20,GR,1540840800,77,35.02,25.68,293.15
290,Rio Gallegos,40,AR,1540839600,24,-51.62,-69.22,287.15
291,Victoria,75,BN,1540841400,100,5.28,115.24,298.15
292,Dharchula,0,IN,1540842905,44,29.85,80.53,276.964
293,Calatrava,90,PH,1540839600,88,10.6,123.48,299.15
294,Hofn,75,IS,1540839600,100,64.25,-15.21,274.15
295,Tual,8,ID,1540842906,100,-5.67,132.75,300.764
296,Biak,8,ID,1540842907,98,-0.91,122.88,297.514
297,Ust-Ilimsk,64,RU,1540842907,56,57.96,102.73,274.614
298,Lasa,0,CY,1540841400,72,34.92,32.53,293.15
299,Berdigestyakh,80,RU,1540842908,90,62.1,126.7,265.839
300,Matagami,48,NG,1540842908,91,9.67,8.4,292.839
301,Vestmanna,80,FO,1540840800,70,62.16,-7.17,280.15
302,Port-Gentil,40,GA,1540839600,88,-0.72,8.78,300.15
303,Ussel,92,FR,1540842909,95,45.55,2.31,273.339
304,Tuatapere,92,NZ,1540843420,100,-46.13,167.69,279.714
305,Kloulklubed,75,PW,1540839000,94,7.04,134.26,297.15
306,Bajil,0,ES,1540842910,68,38.23,-2.07,278.989
307,Wajima,92,JP,1540842910,99,37.4,136.9,287.964
308,Makarska,75,HR,1540841400,88,43.3,17.02,293.15
309,Karpogory,8,RU,1540842911,93,64.0,44.44,269.464
310,Aborlan,56,PH,1540842911,100,9.44,118.55,300.664
311,Rawson,75,AR,1540840260,55,-43.3,-65.11,290.15
312,Plettenberg Bay,0,ZA,1540842912,94,-34.05,23.37,291.589
313,Batouri,76,CM,1540842912,94,4.44,14.36,293.914
314,Del Rio,1,US,1540839360,81,29.36,-100.9,296.85
315,Havre-Saint-Pierre,90,CA,1540842120,100,50.23,-63.6,276.15
316,Saint-Francois,92,FR,1540841400,93,46.42,3.91,277.15
317,Dzitbalche,80,MX,1540842915,53,20.32,-90.06,304.339
318,Krasnyy Kholm,44,RU,1540842915,83,58.06,37.11,265.989
319,Fairbanks,90,US,1540841640,85,64.84,-147.72,265.35
320,San Quintin,92,PH,1540842915,87,17.54,120.52,296.964
321,Shache,24,CN,1540842916,63,38.42,77.24,275.639
322,Robertsport,56,LR,1540842916,100,6.75,-11.37,300.339
323,Ketchikan,90,US,1540839180,89,55.34,-131.65,282.05
324,Atasu,92,KZ,1540842917,92,48.68,71.64,276.514
325,Luderitz,76,NA,1540839600,88,-26.65,15.16,291.15
326,Kondinskoye,56,RU,1540842918,70,59.65,67.41,268.214
327,Chiusi,75,IT,1540839000,67,43.02,11.95,289.15
328,Jalu,0,LY,1540842918,34,29.03,21.55,295.739
329,Muravlenko,80,RU,1540842919,88,63.79,74.5,267.089
330,Chingola,0,ZM,1540842919,36,-12.55,27.86,292.789
331,Gorontalo,12,ID,1540842920,92,0.54,123.06,295.614
332,Bacolod,56,PH,1540842663,89,10.68,122.95,298.089
333,Ostrovnoy,24,RU,1540842920,85,68.05,39.51,267.514
334,Myrtle Beach,1,US,1540841700,28,33.7,-78.89,295.35
335,Flinders,0,AU,1540839600,100,-34.58,150.85,283.15
336,Benguela,92,AO,1540842921,100,-12.58,13.4,297.964
337,Yar-Sale,88,RU,1540842921,100,66.83,70.83,264.989
338,Tilichiki,92,RU,1540842922,96,60.47,166.1,274.264
339,Kozhevnikovo,92,RU,1540842922,95,56.26,83.98,274.589
340,Hirara,80,JP,1540842922,100,24.8,125.28,297.614
341,Fort-Shevchenko,56,KZ,1540842911,95,44.51,50.26,288.364
342,Pando,75,UY,1540839600,44,-34.72,-55.96,299.15
343,Hambantota,88,LK,1540842923,100,6.12,81.12,298.414
344,Luanda,20,AO,1540839600,83,-8.83,13.24,299.15
345,Vardo,40,US,1540842000,58,39.62,-77.74,287.15
346,Roald,0,NO,1540840800,47,62.58,6.12,274.15
347,Setermoen,0,NO,1540839000,92,68.86,18.35,264.15
348,Kavieng,76,PG,1540842925,100,-2.57,150.8,302.014
349,Cayenne,0,GF,1540841400,66,4.94,-52.33,304.15
350,Dudinka,88,RU,1540842690,89,69.41,86.18,264.964
351,Port Blair,0,IN,1540842925,99,11.67,92.75,302.464
352,Lykhivka,68,UA,1540842926,71,48.69,33.92,287.239
353,Marsabit,0,KE,1540842926,92,2.34,37.99,292.914
354,Omboue,80,GA,1540842926,100,-1.57,9.26,299.789
355,Vanavara,0,RU,1540842927,67,60.35,102.28,272.214
356,Nargana,92,PA,1540842927,100,9.44,-78.59,299.889
357,Villarrica,92,CL,1540842927,100,-39.28,-72.23,284.414
358,Devils Lake,90,US,1540840500,68,48.11,-98.87,282.15
359,Karaton,20,ID,1540841400,94,-6.34,106.1,299.15
360,Finote Selam,36,ET,1540842929,75,10.7,37.27,286.139
361,Ongandjera,0,NA,1540842929,27,-17.88,15.07,296.614
362,Zyryanka,88,RU,1540842929,84,65.73,150.89,262.389
363,Poso,20,ID,1540842930,100,-1.4,120.75,298.139
364,Miquelon,90,PM,1540839600,100,47.1,-56.38,283.15
365,Port Augusta,8,AU,1540839600,87,-32.49,137.76,283.15
366,Gushikawa,40,JP,1540839600,67,26.35,127.87,296.15
367,Troitsko-Pechorsk,88,RU,1540842931,74,62.71,56.19,271.789
368,Te Anau,88,NZ,1540842932,100,-45.41,167.72,276.414
369,Dakar,8,SN,1540839600,83,14.69,-17.45,300.15
370,Merrill,75,US,1540839180,67,42.03,-121.6,280.95
371,Nabire,24,ID,1540842933,95,-3.36,135.5,292.664
372,Puerto Ayacucho,20,CO,1540839600,52,5.66,-67.63,307.15
373,Sainte-Marie,90,CA,1540840560,100,46.45,-71.03,278.15
374,Cockburn Town,80,TC,1540842935,100,21.46,-71.14,300.489
375,Buala,24,SB,1540843434,92,-8.15,159.59,301.414
376,Moyale,36,ET,1540842936,98,3.52,39.05,291.614
377,Jackson,1,US,1540840500,29,35.61,-88.82,294.15
378,Usinsk,0,RU,1540842937,90,66.0,57.56,264.889
379,Pangody,88,RU,1540842849,76,65.85,74.49,263.764
380,Usolye-Sibirskoye,80,RU,1540842939,86,52.75,103.66,275.464
381,Calamar,0,CO,1540842939,49,1.96,-72.65,305.764
382,Alofi,75,NU,1540839600,83,-19.06,-169.92,299.15
383,Kothi,0,IN,1540842940,77,24.76,80.77,291.989
384,Jaciara,8,BR,1540842940,82,-15.95,-54.98,302.014
385,Igarka,0,RU,1540842940,66,67.47,86.57,256.964
386,Uspenskaya,0,RU,1540842941,74,45.78,41.07,278.364
387,Cuamba,0,MZ,1540842942,74,-14.8,36.54,289.264
388,Lorengau,80,PG,1540843439,100,-2.02,147.27,301.914
389,Maragogi,32,BR,1540842942,81,-9.01,-35.22,299.414
390,Roberval,75,CA,1540839600,86,48.51,-72.22,276.15
391,Buraydah,0,SA,1540839600,52,26.33,43.97,291.15
392,Bud,20,NO,1540840800,100,62.91,6.91,274.15
393,Souillac,90,FR,1540841400,93,45.6,-0.6,278.15
394,Port Hardy,75,CA,1540839600,87,50.7,-127.42,283.15
395,Awjilah,0,LY,1540842944,37,29.14,21.3,295.914
396,Palmer,90,US,1540841580,91,61.6,-149.11,269.85
397,Wenling,0,CN,1540842944,100,28.38,121.38,286.614
398,Kingman,1,US,1540839360,22,35.19,-114.05,301.45
399,Coromandel,44,NZ,1540841400,93,-36.76,175.5,286.15
400,Okhotsk,8,RU,1540842945,100,59.36,143.24,266.164
401,Dustlik,32,UZ,1540842946,86,40.53,68.03,280.364
402,Solnechnyy,8,RU,1540842947,95,50.72,136.64,271.039
403,Kabale,36,UG,1540842948,100,-1.26,29.99,286.114
404,Pasni,0,PK,1540842948,91,25.26,63.48,299.164
405,Bambanglipuro,92,ID,1540842949,97,-7.95,110.28,295.289
406,Mogadishu,0,SO,1540842949,97,2.04,45.34,300.164
407,Santa Cruz,1,US,1540841700,42,36.97,-122.03,292.15
408,Iskateley,80,RU,1540842951,88,67.68,53.15,266.714
409,Sangar,88,RU,1540842952,80,63.92,127.47,263.739
410,Nyurba,32,RU,1540842952,95,63.29,118.35,272.339
411,Ranong,0,TH,1540842952,100,9.96,98.62,300.489
412,Havoysund,20,NO,1540840800,65,71.0,24.66,279.15
413,Faya,0,SA,1540839600,67,18.39,42.45,290.15
414,Topolovgrad,12,BG,1540842953,76,42.08,26.33,288.739
415,Chililabombwe,0,ZM,1540842954,36,-12.37,27.84,292.789
416,Okha,0,RU,1540842954,89,53.59,142.95,270.789
417,Sao Luis de Montes Belos,56,BR,1540842955,56,-16.52,-50.37,302.364
418,Gornopravdinsk,88,RU,1540842955,72,60.06,69.92,268.464
419,Komsomolskiy,64,RU,1540842955,83,67.55,63.78,263.489
420,Marataizes,64,BR,1540842825,93,-21.04,-40.82,295.339
421,Beringovskiy,88,RU,1540842956,100,63.05,179.32,268.789
422,Oeiras do Para,8,BR,1540842956,57,-2.0,-49.85,305.039
423,La Rioja,0,AR,1540842725,37,-29.41,-66.86,304.589
424,Pisco,0,PE,1540839600,30,-13.71,-76.2,295.15
425,Solginskiy,0,RU,1540842957,64,61.05,41.34,260.589
426,Hualmay,0,PE,1540843446,64,-11.1,-77.61,294.714
427,Jhudo,0,PK,1540842957,38,24.96,69.3,296.864
428,Drumheller,0,CA,1540842957,52,51.47,-112.7,282.639
429,Beibei,92,CN,1540839600,93,29.83,106.43,290.15
430,Abu Dhabi,20,AE,1540839600,62,24.47,54.37,302.15
431,Shingu,0,JP,1540842959,100,33.72,135.99,291.339
432,College,90,US,1540841640,85,64.86,-147.8,265.35
433,Pangai,90,TO,1540839600,88,-19.8,-174.35,299.15
434,Tulle,92,FR,1540841400,100,45.27,1.77,275.15
435,Miyako,20,JP,1540839600,51,33.63,130.94,290.15
436,Saint-Pierre,90,FR,1540841400,86,48.95,4.24,278.15
437,Khorramshahr,0,IR,1540839600,55,30.43,48.18,292.15
438,Shenjiamen,0,CN,1540842962,92,29.96,122.3,292.289
439,Cherskiy,80,RU,1540843450,87,68.75,161.3,260.964
440,Vertientes,40,CU,1540839000,62,21.26,-78.15,303.15
441,Waingapu,0,ID,1540842963,100,-9.65,120.26,292.714
442,Emba,0,CY,1540841400,72,34.81,32.42,293.15
443,Boralday,20,KZ,1540839600,86,43.36,76.86,278.15
444,Uribia,0,CO,1540842963,36,11.71,-72.27,306.914
445,Chifeng,24,CN,1540842964,77,42.27,118.96,268.389
446,Karratha,0,AU,1540843442,85,-20.74,116.85,292.164
447,Anloga,20,GH,1540839600,83,5.79,0.9,299.15
448,Ngunguru,12,NZ,1540842965,100,-35.62,174.5,288.414
449,Tautira,20,PF,1540841400,66,-17.73,-149.15,303.15
450,Songea,5,TZ,1540839600,60,-10.68,35.65,294.15
451,Zhangye,12,CN,1540842966,62,38.94,100.46,272.114
452,Kitakata,64,JP,1540842966,100,37.67,139.86,278.964
453,Udachnyy,80,RU,1540842966,81,66.42,112.4,273.514
454,Kavaratti,0,IN,1540842967,99,10.57,72.64,302.639
455,Puerto Leguizamo,0,CO,1540842967,66,-0.19,-74.78,303.614
456,Brigantine,90,US,1540839600,51,39.41,-74.36,289.25
457,Berlevag,40,NO,1540839000,100,70.86,29.09,278.15
458,Tokonou,44,GN,1540842968,96,9.65,-9.78,294.114
459,Octeville,90,FR,1540841400,65,49.63,-1.64,282.15
460,Camopi,24,GF,1540842968,89,3.17,-52.33,299.714
461,Springbok,24,ZA,1540842969,85,-29.67,17.88,286.264
462,Boddam,40,GB,1540840800,86,57.47,-1.78,278.15
463,Lipin Bor,0,RU,1540842970,100,60.26,37.97,265.114
464,Nizhniy Kuranakh,0,RU,1540842970,70,58.84,125.49,258.539
465,San Cristobal,75,EC,1540839600,52,-0.39,-78.55,292.15
466,Huilong,20,CN,1540843456,74,28.89,110.18,282.289
467,Luganville,0,VU,1540842971,100,-15.51,167.18,299.289
468,Changde,0,CN,1540842971,66,29.04,111.68,284.039
469,Marbella,20,ES,1540841400,47,36.51,-4.89,288.15
470,Bandarban,92,BD,1540842972,100,22.2,92.22,294.364
471,Las Margaritas,0,MX,1540842973,50,16.32,-91.98,296.539
472,Diego de Almagro,0,CL,1540842973,74,-26.39,-70.05,294.589
473,Leeton,0,AU,1540842974,48,-34.55,146.4,287.864
474,Camacha,75,PT,1540841400,63,33.08,-16.33,291.15
475,Tambovka,68,UA,1540842976,94,46.93,35.45,284.139
476,Nizwa,36,OM,1540842976,92,22.93,57.53,290.664
477,Kharp,56,RU,1540842976,65,66.82,65.8,258.714
478,Santa Rosa,24,AR,1540842733,53,-36.62,-64.29,298.214
479,Kasempa,0,ZM,1540842979,37,-13.46,25.83,292.114
480,Panjab,24,AF,1540842980,82,34.38,67.02,271.589
481,Fort Wellington,8,GY,1540842980,94,6.4,-57.6,301.764
482,Palamos,20,ES,1540841400,87,41.85,3.13,281.15
483,Maceio,0,BR,1540839600,62,-9.67,-35.74,302.15
484,Mera,75,EC,1540839600,60,-1.46,-78.11,294.15
485,Dzhebariki-Khaya,24,RU,1540842775,92,62.22,135.8,261.239
486,Bad Sachsa,68,DE,1540842981,98,51.6,10.55,280.664
487,Canon City,32,US,1540842981,31,39.46,-117.13,283.714
488,Saint-Denis,90,FR,1540841400,75,48.94,2.36,278.15
489,Goderich,0,CA,1540842982,75,43.74,-81.71,281.489
490,Sotouboua,64,TG,1540842982,98,8.56,0.98,295.839
491,Milkovo,92,BG,1540841400,77,41.53,24.68,289.15
492,Iroquois Falls,90,CA,1540839600,82,48.76,-80.69,273.15
493,Praia,75,BR,1540839600,88,-20.25,-43.81,294.15
494,Kattivakkam,20,IN,1540841400,83,13.22,80.32,300.15
495,Minden,1,US,1540840500,28,38.95,-119.77,288.15
496,Galeana,48,MX,1540842985,53,24.83,-100.08,293.989
497,Yerofey Pavlovich,0,RU,1540842986,73,53.97,121.97,262.589
498,Liberty,40,US,1540840500,44,39.64,-84.93,288.15
499,Gaildorf,75,DE,1540840800,93,49.0,9.77,279.75
500,Quelimane,0,MZ,1540843462,88,-17.88,36.89,292.589
501,Coahuayana,0,MX,1540842988,73,18.62,-100.35,299.039
502,Sechura,0,PE,1540842988,70,-5.56,-80.82,295.639
503,Huarmey,8,PE,1540842989,57,-10.07,-78.15,295.264
504,Ust-Koksa,92,RU,1540842989,66,50.27,85.62,269.764
505,Shenkursk,0,RU,1540842989,94,62.11,42.91,268.339
506,Uglegorskiy,20,RU,1540842990,79,48.24,41.25,279.414
507,Kutum,0,SD,1540842991,22,14.2,24.66,291.539
508,Porto Nacional,44,BR,1540842991,76,-10.7,-48.41,300.989
509,Rome,75,IT,1540840800,67,41.89,12.48,292.15
510,Isangel,88,VU,1540842992,100,-19.55,169.27,297.364
511,Arlit,8,NE,1540843466,38,18.74,7.39,299.889
512,Metro,20,ID,1540842992,97,-5.11,105.31,298.289
513,Hobyo,0,SO,1540842992,91,5.35,48.53,297.639
514,Toba,40,JP,1540841400,77,34.47,136.83,288.15
515,Nampula,0,MZ,1540839600,68,-15.12,39.26,295.15
516,Rosarito,75,CO,1540839600,66,4.91,-75.23,302.15
517,Bassano,0,CA,1540842993,41,50.79,-112.47,284.139
518,Baikunthpur,0,IN,1540842994,88,23.26,82.56,287.864
519,Sebring,1,US,1540841700,39,27.5,-81.44,299.15
520,Priekule,90,LV,1540840800,100,56.45,21.6,275.15
521,Magadan,64,RU,1540839600,92,59.56,150.8,272.15
522,Markdale,90,CA,1540839600,56,44.32,-80.65,280.15
523,Shubarshi,92,KZ,1540842996,98,48.59,57.19,282.864
524,Colares,75,PT,1540841400,81,38.8,-9.45,287.15
525,Sao Jose da Coroa Grande,32,BR,1540842997,81,-8.9,-35.15,299.414
526,Quito,88,EC,1540842894,94,-0.22,-78.51,289.489
527,Sisimiut,64,GL,1540842998,100,66.94,-53.67,264.414
528,Montepuez,0,MZ,1540842998,70,-13.13,39.0,292.339
529,Balao,12,EC,1540842998,77,-2.91,-79.82,298.539
530,Pervomayskiy,92,RU,1540843000,97,53.24,40.29,273.464
531,Gwadar,0,PK,1540843001,99,25.12,62.33,295.739
532,Saldanha,92,PT,1540843545,89,41.42,-6.55,278.789
533,Vostok,92,RU,1540843001,90,46.45,135.83,270.214
534,Bundaberg,92,AU,1540843002,100,-24.87,152.35,294.714
535,Debre Sina,0,ET,1540843002,72,9.85,39.76,275.889
536,Avera,1,US,1540841700,22,33.19,-82.53,297.05
537,Pedernales,44,EC,1540843003,72,0.07,-80.05,300.214
538,Kurilsk,0,RU,1540843004,99,45.23,147.88,282.014
539,Buenavista,40,CO,1540839600,73,4.36,-75.74,302.15
540,Mingyue,36,CN,1540843005,79,43.11,128.91,267.764
541,Nemencine,90,LT,1540840800,100,54.85,25.48,275.15
542,Bandarbeyla,64,SO,1540843006,100,9.49,50.81,298.239
543,Camacupa,0,AO,1540843006,54,-12.02,17.48,290.864
544,Muriwai Beach,92,NZ,1540841400,93,-36.82,174.45,286.15
545,New Glasgow,92,CA,1540843007,87,45.59,-62.65,285.389
546,Atbasar,92,KZ,1540843007,97,51.81,68.36,277.464
547,Tazovskiy,44,RU,1540843007,81,67.47,78.7,260.114
548,Sturgeon Bay,90,US,1540839360,73,44.83,-87.38,282.05
549,Sfantu Gheorghe,0,RO,1540841400,77,44.65,26.83,288.15
550,Saint Austell,20,GB,1540840800,74,50.34,-4.77,277.15
551,Santiago de las Vegas,40,CU,1540839300,65,22.97,-82.39,300.15
552,Humaita,90,AR,1540839600,60,-24.93,-65.37,299.15
553,Jijiang,24,CN,1540839600,82,29.8,120.61,287.15
554,Acajutla,0,SV,1540839000,63,13.59,-89.83,306.15
555,Patnongon,0,PH,1540843010,98,10.91,121.99,300.839
556,Yantal,76,RU,1540843010,74,56.85,105.25,271.714
557,Barauna,44,BR,1540843010,79,-14.07,-42.49,297.589
558,Thunder Bay,75,CA,1540839600,81,48.41,-89.26,280.15
559,Pareora,92,NZ,1540843011,100,-44.49,171.21,280.014
560,Busayra,0,JO,1540843011,72,30.74,35.61,282.039
561,Ust-Ishim,56,RU,1540843011,73,57.69,71.17,271.389
562,Homer,75,US,1540839180,41,59.64,-151.54,274.85
563,Voskresenskoye,0,RU,1540843012,73,56.84,45.43,261.489
564,Dauriya,0,RU,1540843013,65,49.93,116.85,259.364
565,San Juan,40,PR,1540840560,67,18.47,-66.12,302.55
566,Puteyets,0,RU,1540842943,76,65.17,57.09,268.414
567,Kushima,0,JP,1540843015,100,31.5,131.29,284.389
568,Lluta,0,PE,1540839600,13,-16.02,-72.01,295.15
569,Acapulco,75,MX,1540838760,66,16.86,-99.88,303.15
570,George,80,NG,1540843017,99,6.63,3.35,298.339
571,Tairua,56,NZ,1540843017,79,-37.02,175.85,287.639
